00000000010000001000001000000101
00000000010010001000100010000011
00000000010000000000011001000001
00010000000000000000110011100001
00000000010000000000100010000100
00000000001000000000000101000011
00010000000000000000010011000101
00001000000000000001001000100101
00000100000000000001100000100110
01000000000000000000000101100111
00100000000000000001000010000000
00000000010000000000000100000101
01000000000000000000000111000111
00000000000000000000000000000000
00000000000000000000000000000000
00000000000000000000000000000000
00000000000000000000000000000000
00000000000000000000000000000000
00000000000000000000000000000000
00000000000000000000000000000000
00000000000000000000000000000000
00000000000000000000000000000000
00000000000000000000000000000000
00000000000000000000000000000000
00000000000000000000000000000000
00000000000000000000000000000000
00000000000000000000000000000000
00000000000000000000000000000000
00000000000000000000000000000000
00000000000000000000000000000000
00000000000000000000000000000000
00000000000000000000000000000000
#